damID	streamID	reachID	Horton	X	Y
200000	20000	20000	2	616667.9459	4730492.2
200001	20000	20000	2	616591.2055	4730525.984
200002	20000	20000	2	616521.9326	4730549.141
200003	20000	20000	2	616446.4952	4730555.659
200004	20000	20000	2	616376.2636	4730599.473
200005	20000	20000	2	616299.455	4730644.833
200006	20000	20000	2	616236.8151	4730714.822
200007	20000	20000	2	616170.7861	4730783.737
200008	20000	20000	2	616117.394	4730863
200009	20000	20000	2	616115.9183	4730950.859
200010	20000	20000	2	616104.0118	4731044.336
200011	20000	20000	2	616078.2162	4731129.877
200012	20001	20001	2	616769.5865	4731041.527
200013	20001	20001	2	616697.8361	4730999.217
200014	20001	20001	2	616613.558	4730967.804
200015	20002	20002	2	616398.1638	4731085.093
200016	20002	20002	2	616315.4379	4731051.643
200017	20003	20003	2	614684.3526	4731146.439
200018	20003	20003	2	614663.5174	4731233.522
200019	20003	20003	2	614618.9686	4731317.659
200020	20003	20003	2	614534.2072	4731333.527
200021	20003	20003	2	614511.8768	4731417.241
200022	20003	20003	2	614535.5689	4731504.348
200023	20004	20004	2	616572.5309	4731168.163
200024	20004	20004	2	616571.0254	4731072.27
200025	20004	20004	2	616581.2344	4730977.585
200026	20005	20005	2	615771.0291	4731178.018
200027	20005	20005	2	615798.3902	4731261.392
200028	20005	20005	2	615818.0547	4731354.944
200029	20006	20006	2	615258.3436	4731317.7
200030	20006	20006	2	615214.0446	4731402.826
200031	20006	20006	2	615186.3663	4731491.172
200032	20007	20007	2	615751.2322	4731345.482
200033	20007	20007	2	615830.9981	4731384.874
200034	20008	20008	2	614910.2269	4731376.397
200035	20008	20008	2	614843.0518	4731441.598
200036	20008	20008	2	614762.0413	4731478.872
200037	20008	20008	2	614702.7341	4731543.978
200038	20009	20009	2	614504.3855	4731455.154
200039	20010	20010	2	615429.2112	4731473.307
200040	20010	20010	2	615352.1238	4731518.685
200041	20010	20010	2	615261.1769	4731534.94
200042	20010	20010	2	615177.4206	4731567.283
200043	20011	20011	2	616405.6625	4731490.514
200044	20011	20011	2	616337.7772	4731555.683
200045	20011	20011	2	616282.3003	4731634.034
200046	20011	20011	2	616241.3919	4731720.097
200047	20011	20011	2	616213.1819	4731811.067
200048	20012	20012	2	614001.6197	4731460.362
200049	20012	20012	2	614030.6087	4731548.199
200050	20012	20012	2	614090.0308	4731563.965
200051	20012	20012	2	614178.2479	4731574.726
200052	20012	20012	2	614261.4957	4731607.167
200053	20012	20012	2	614343.7318	4731607.452
200054	20013	20013	2	617672.1272	4731569.974
200055	20013	20013	2	617724.076	4731646.43
200056	20013	20013	2	617765.2961	4731725.28
200057	20013	20013	2	617733.228	4731811.39
200058	20014	20014	2	616070.2056	4731554.033
200059	20014	20014	2	615995.654	4731605.867
200060	20015	20015	2	614393.8726	4731601.056
200061	20016	20016	2	616830.2241	4731650.83
200062	20017	20017	2	617427.0724	4731677.806
200063	20017	20017	2	617494.2702	4731731.381
200064	20017	20017	2	617570.2065	4731779.326
200065	20017	20017	2	617649.6813	4731820.441
200066	20018	20018	2	616948.9282	4731674.369
200067	20018	20018	2	616869.0468	4731712.242
200068	20019	20019	2	615120.0417	4731688.724
200069	20020	20020	2	613849.9524	4731735.698
200070	20021	20021	2	617264.2666	4731797.082
200071	20021	20021	2	617310.5927	4731882.178
200072	20021	20021	2	617318.0151	4731975.577
200073	20021	20021	2	617329.5315	4732068.976
200074	20022	20022	2	615860.7545	4731807.07
200075	20023	20023	2	613874.2615	4731812.247
200076	20024	20024	2	616294.5669	4731867.672
200077	20024	20024	2	616217.7194	4731820.875
200078	20025	20025	2	613639.2329	4731901.291
200079	20025	20025	2	613665.9682	4731975.433
200080	20025	20025	2	613743.825	4732018.627
200081	20025	20025	2	613806.752	4732089.954
200082	20027	20027	2	618038.5819	4731999.964
200083	20027	20027	2	618041.0599	4732087.596
200084	20027	20027	2	618023.8342	4732179.873
200085	20028	20028	2	615889.4692	4731993.258
200086	20029	20029	2	614565.9226	4731959.579
200087	20029	20029	2	614636.5602	4731901.101
200088	20029	20029	2	614724.9121	4731890.349
200089	20029	20029	2	614801.8843	4731856.082
200090	20030	20030	2	615482.5164	4732027.015
200091	20030	20030	2	615474.2045	4732122.714
200092	20031	20031	2	617396.0268	4732065.167
200093	20032	20032	2	614817.5074	4732050.798
200094	20032	20032	2	614882.6432	4731999.124
200095	20033	20033	2	617119.1794	4732135.442
200096	20033	20033	2	617157.4105	4732223.201
200097	20034	20034	2	614007.7594	4732125.227
200098	20035	20035	2	618021.1392	4732187.931
200099	20036	20036	2	614066.4225	4732121.594
200100	20037	20037	2	617567.4469	4732307.449
200101	20037	20037	2	617638.1003	4732364.718
200102	20038	20038	2	614214.2596	4732281.872
200103	20038	20038	2	614217.0623	4732364.819
200104	20038	20038	2	614272.2448	4732444.388
200105	20038	20038	2	614300.2044	4732535.31
200106	20039	20039	2	613245.439	4732270.812
200107	20039	20039	2	613284.547	4732357.895
200108	20039	20039	2	613322.8923	4732445.459
200109	20040	20040	2	616266.5917	4732339.757
200110	20041	20041	2	613510.2008	4732294.6
200111	20041	20041	2	613565.402	4732370.205
200112	20041	20041	2	613639.883	4732378.927
200113	20042	20042	2	616711.5266	4732369.583
200114	20042	20042	2	616799.7239	4732372.745
200115	20043	20043	2	616275.905	4732385.225
200116	20044	20044	2	613067.535	4732359.551
200117	20044	20044	2	613145.5479	4732388.587
200118	20044	20044	2	613233.6755	4732413.357
200119	20044	20044	2	613310.8663	4732458.646
200120	20045	20045	2	614669.3549	4732390.381
200121	20045	20045	2	614718.9018	4732469.245
200122	20045	20045	2	614746.7	4732560.274
200123	20046	20046	2	615576.6969	4732409.13
200124	20046	20046	2	615564.0434	4732314.615
200125	20046	20046	2	615546.2167	4732226.276
200126	20047	20047	2	619614.0565	4732503.088
200127	20047	20047	2	619526.1058	4732513.986
200128	20047	20047	2	619444.6838	4732534.702
200129	20048	20048	2	618622.0694	4732498.206
200130	20048	20048	2	618710.9086	4732487.171
200131	20048	20048	2	618785.8229	4732471.027
200132	20048	20048	2	618867.827	4732471.479
200133	20048	20048	2	618945.1719	4732514.532
200134	20048	20048	2	619028.35	4732492.488
200135	20048	20048	2	619094.7384	4732445.717
200136	20048	20048	2	619169.5522	4732457.433
200137	20048	20048	2	619253.3952	4732455.755
200138	20048	20048	2	619328.0718	4732504.729
200139	20049	20049	2	616573.8734	4732477.945
200140	20049	20049	2	616637.142	4732543.386
200141	20049	20049	2	616701.7582	4732612.128
200142	20049	20049	2	616770.3372	4732668.69
200143	20049	20049	2	616826.4319	4732742.221
200144	20049	20049	2	616907.1864	4732779.996
200145	20050	20050	2	615996.6288	4732576.557
200146	20050	20050	2	616034.0502	4732658.702
200147	20051	20051	2	619033.305	4732657.456
200148	20051	20051	2	619116.4084	4732666.181
200149	20051	20051	2	619182.2181	4732721.859
200150	20051	20051	2	619206.7108	4732804.718
200151	20051	20051	2	619242.2265	4732887.357
200152	20051	20051	2	619242.3198	4732976.857
200153	20052	20052	2	617447.9672	4732688.637
200154	20052	20052	2	617519.7105	4732745.55
200155	20053	20053	2	615965.2377	4732676.371
200156	20054	20054	2	619739.6254	4732758.064
200157	20055	20055	2	616536.1057	4732739.293
200158	20055	20055	2	616594.6188	4732812.878
200159	20055	20055	2	616610.4038	4732884.747
200160	20055	20055	2	616619.7536	4732979.989
200161	20055	20055	2	616583.9353	4733064.753
200162	20055	20055	2	616540.0284	4733149.983
200163	20056	20056	2	618188.8861	4732796.248
200164	20056	20056	2	618105.9985	4732830.376
200165	20057	20057	2	619712.5139	4732822.48
200166	20058	20058	2	618578.7421	4732831.248
200167	20058	20058	2	618608.0477	4732912.958
200168	20058	20058	2	618632.1509	4732999.073
200169	20058	20058	2	618649.2557	4733087.997
200170	20059	20059	2	614696.4549	4732736.896
200171	20059	20059	2	614713.0129	4732647.229
200172	20060	20060	2	612946.1492	4732720.773
200173	20060	20060	2	613028.4174	4732686.574
200174	20060	20060	2	613122.0724	4732675.889
200175	20061	20061	2	615160.8913	4732763.133
200176	20062	20062	2	615539.1901	4732811.972
200177	20062	20062	2	615502.3677	4732896.81
200178	20062	20062	2	615448.2912	4732969.439
200179	20062	20062	2	615396.1329	4733036.003
200180	20062	20062	2	615321.9721	4733087.557
200181	20063	20063	2	613142.6078	4732775.308
200182	20063	20063	2	613190.5341	4732691.605
200183	20064	20064	2	619625.8374	4732887.076
200184	20065	20065	2	617077.4276	4732883.96
200185	20065	20065	2	616988.7131	4732861.555
200186	20065	20065	2	616949.3458	4732907.286
200187	20066	20066	2	619570.9035	4732919.999
200188	20067	20067	2	617449.7608	4732937.888
200189	20067	20067	2	617525.8462	4732984.879
200190	20068	20068	2	618127.7147	4732920.171
200191	20068	20068	2	618072.8054	4732843.736
200192	20069	20069	2	619053.8168	4732987.714
200193	20069	20069	2	619127.0903	4733029.38
200194	20069	20069	2	619205.7519	4733025.476
200195	20070	20070	2	613660.9919	4732893.005
200196	20070	20070	2	613731.358	4732833.622
200197	20070	20070	2	613806.9891	4732786.43
200198	20070	20070	2	613873.3836	4732718.221
200199	20070	20070	2	613943.9801	4732660.029
200200	20070	20070	2	614005.8627	4732589.839
200201	20071	20071	2	614059.7301	4732933.45
200202	20071	20071	2	614147.5895	4732923.07
200203	20071	20071	2	614235.8938	4732947.468
200204	20072	20072	2	615812.5501	4732974.603
200205	20072	20072	2	615818.2427	4733066.219
200206	20072	20072	2	615809.4526	4733159.384
200207	20072	20072	2	615822.5	4733241.148
200208	20072	20072	2	615893.4666	4733298.228
200209	20072	20072	2	615938.9308	4733268.749
200210	20072	20072	2	616016.4092	4733224.841
200211	20073	20073	2	614996.8209	4732960.875
200212	20074	20074	2	618762.8812	4733046.195
200213	20074	20074	2	618710.7822	4733123.992
200214	20075	20075	2	618427.8283	4733061.384
200215	20075	20075	2	618424.8661	4733155.709
200216	20075	20075	2	618468.6912	4733231.437
200217	20075	20075	2	618544.6799	4733254.166
200218	20076	20076	2	616301.4309	4733033.684
200219	20077	20077	2	619377.9903	4733157.145
200220	20077	20077	2	619330.489	4733201.946
200221	20078	20078	2	613461.3659	4733181.816
200222	20078	20078	2	613495.5414	4733270.821
200223	20079	20079	2	617815.1063	4733249.729
200224	20079	20079	2	617725.2849	4733253.752
200225	20079	20079	2	617648.4284	4733299.095
200226	20079	20079	2	617576.8326	4733259.776
200227	20080	20080	2	613006.7285	4733187.478
200228	20080	20080	2	613055.8553	4733268.961
200229	20081	20081	2	614511.0133	4733204.907
200230	20081	20081	2	614456.3065	4733134.392
200231	20081	20081	2	614361.9596	4733122.019
200232	20082	20082	2	615080.3948	4733244.729
200233	20083	20083	2	619096.3366	4733336.432
200234	20083	20083	2	619163.2213	4733400.959
200235	20084	20084	2	618196.8103	4733355.961
200236	20084	20084	2	618230.6948	4733444.824
200237	20084	20084	2	618288.1676	4733516.626
200238	20084	20084	2	618314.6535	4733598.064
200239	20084	20084	2	618376.2363	4733671.424
200240	20086	20086	2	616822.318	4733377.892
200241	20086	20086	2	616768.0267	4733459.772
200242	20086	20086	2	616812.5121	4733542.218
200243	20087	20087	2	617172.56	4733380.457
200244	20087	20087	2	617132.2273	4733467.013
200245	20087	20087	2	617083.9797	4733547.501
200246	20087	20087	2	617105.2937	4733629.11
200247	20087	20087	2	617083.9825	4733714.712
200248	20087	20087	2	617082.8942	4733803.002
200249	20088	20088	2	619646.6455	4733416.725
200250	20089	20089	2	616362.9195	4733348.411
200251	20089	20089	2	616424.9207	4733271.655
200252	20089	20089	2	616486.622	4733262.745
200253	20089	20089	2	616532.366	4733310.169
200254	20089	20089	2	616541.9987	4733369.203
200255	20089	20089	2	616604.672	4733430.086
200256	20090	20090	2	619669.5798	4733431.077
200257	20092	20092	2	612689.2107	4733343.668
200258	20092	20092	2	612758.654	4733383.052
200259	20092	20092	2	612830.5853	4733415.341
200260	20093	20093	2	617645.0021	4733428.998
200261	20093	20093	2	617569.9426	4733404.394
200262	20093	20093	2	617500.9716	4733444.398
200263	20095	20095	2	614424.9191	4733469.542
200264	20095	20095	2	614377.5596	4733384.8
200265	20095	20095	2	614314.2504	4733314.068
200266	20095	20095	2	614263.4237	4733230.167
200267	20096	20096	2	616526.5298	4733604.426
200268	20096	20096	2	616603.4689	4733573.135
200269	20096	20096	2	616668.8613	4733561.759
200270	20096	20096	2	616716.7574	4733630.863
200271	20096	20096	2	616761.719	4733693.786
200272	20096	20096	2	616828.4868	4733650.626
200273	20096	20096	2	616884.9459	4733710.856
200274	20097	20097	2	616132.9345	4733631.849
200275	20097	20097	2	616108.6853	4733720.368
200276	20097	20097	2	616118.8483	4733813.412
200277	20097	20097	2	616121.2954	4733905.922
200278	20098	20098	2	615263.7891	4733589.579
200279	20098	20098	2	615310.6947	4733505.303
200280	20098	20098	2	615372.9705	4733446.508
200281	20098	20098	2	615453.2091	4733427.563
200282	20098	20098	2	615521.6708	4733456.325
200283	20098	20098	2	615594.0808	4733482.125
200284	20099	20099	2	613046.6693	4733559.376
200285	20099	20099	2	613108.1276	4733507.42
200286	20099	20099	2	613169.0547	4733428.124
200287	20100	20100	2	618876.7313	4733714.589
200288	20101	20101	2	613618.5778	4733610.234
200289	20101	20101	2	613617.1831	4733521.088
200290	20101	20101	2	613631.2232	4733433.702
200291	20101	20101	2	613692.5385	4733368.369
200292	20102	20102	2	612733.2426	4733602.016
200293	20102	20102	2	612786.9576	4733537.017
200294	20102	20102	2	612866.0225	4733496.395
200295	20103	20103	2	617837.8955	4733756.896
200296	20103	20103	2	617761.8899	4733804.087
200297	20103	20103	2	617684.7641	4733848.628
200298	20103	20103	2	617613.7805	4733906.841
200299	20103	20103	2	617549.9139	4733968.331
200300	20103	20103	2	617478.7212	4734020.021
200301	20103	20103	2	617393.4632	4734036.76
200302	20103	20103	2	617318.2806	4734023.488
200303	20103	20103	2	617260.5191	4734087.336
200304	20103	20103	2	617276.4927	4734176.881
200305	20104	20104	2	619643.2807	4733794.3
200306	20104	20104	2	619650.6671	4733887.762
200307	20104	20104	2	619644.1169	4733982.328
200308	20104	20104	2	619614.2797	4734058.385
200309	20105	20105	2	614671.9738	4733717.78
200310	20105	20105	2	614698.0939	4733629.239
200311	20105	20105	2	614761.9718	4733556.381
200312	20105	20105	2	614812.3239	4733473.396
200313	20106	20106	2	619064.0801	4733815.39
200314	20106	20106	2	618986.2742	4733778.383
200315	20107	20107	2	618208.6492	4733841.996
200316	20107	20107	2	618289.4313	4733880.986
200317	20107	20107	2	618376.9031	4733871.377
200318	20108	20108	2	615910.1937	4733815.651
200319	20108	20108	2	615957.5305	4733900.376
200320	20109	20109	2	613848.805	4733771.928
200321	20109	20109	2	613942.717	4733761.348
200322	20109	20109	2	614015.4663	4733740.619
200323	20109	20109	2	614083.0923	4733684.37
200324	20110	20110	2	615005.0073	4733776.634
200325	20110	20110	2	614989.5424	4733684.452
200326	20110	20110	2	614999.7946	4733598.019
200327	20110	20110	2	615022.1558	4733508.79
200328	20111	20111	2	619889.7137	4733953.171
200329	20111	20111	2	619805.5913	4733983.765
200330	20111	20111	2	619738.2358	4734036.803
200331	20111	20111	2	619728.0918	4734118.875
200332	20112	20112	2	614422.1552	4733851.381
200333	20112	20112	2	614346.2589	4733803.471
200334	20112	20112	2	614268.072	4733761.079
200335	20112	20112	2	614176.8907	4733752.951
200336	20113	20113	2	615386.2973	4733915.184
200337	20113	20113	2	615449.4424	4733980.722
200338	20113	20113	2	615515.8008	4734046.198
200339	20114	20114	2	619445.2667	4734002.549
200340	20114	20114	2	619519.1189	4734038.784
200341	20114	20114	2	619604.0699	4734069.135
200342	20115	20115	2	616342.7221	4733959.89
200343	20116	20116	2	613007.4593	4733922.656
200344	20116	20116	2	613085.0083	4733900.446
200345	20116	20116	2	613150.729	4733842.653
200346	20117	20117	2	618067.393	4734130.571
200347	20117	20117	2	618126.9758	4734202.998
200348	20117	20117	2	618179.8581	4734267.886
200349	20117	20117	2	618238.2194	4734336.739
200350	20117	20117	2	618300.5619	4734393.606
200351	20117	20117	2	618384.6017	4734414.902
200352	20117	20117	2	618459.2764	4734443.735
200353	20117	20117	2	618530.7918	4734487.903
200354	20117	20117	2	618576.15	4734562.776
200355	20118	20118	2	619022.5157	4734123.515
200356	20118	20118	2	618944.1186	4734081.065
200357	20118	20118	2	618858.015	4734074.028
200358	20118	20118	2	618777.7798	4734045.513
200359	20119	20119	2	613536.333	4734078.908
200360	20119	20119	2	613466.3525	4734019.911
200361	20119	20119	2	613431.8596	4733936.704
200362	20120	20120	2	618745.007	4734220.407
200363	20121	20121	2	613044.2114	4734115.691
200364	20121	20121	2	613085.9348	4734032.724
200365	20121	20121	2	613146.1817	4733958.925
200366	20121	20121	2	613181.0314	4733873.249
200367	20122	20122	2	617152.921	4734243.247
200368	20122	20122	2	617216.1312	4734314.052
200369	20123	20123	2	616422.3084	4734240.43
200370	20124	20124	2	617694.3127	4734277.367
200371	20124	20124	2	617616.9007	4734322.919
200372	20124	20124	2	617583.6943	4734400.685
200373	20124	20124	2	617583.0945	4734490.883
200374	20124	20124	2	617590.7503	4734576.602
200375	20124	20124	2	617593.3844	4734655.741
200376	20125	20125	2	618683.1797	4734353.778
200377	20126	20126	2	614901.0313	4734318.303
200378	20127	20127	2	614488.1814	4734335.658
200379	20127	20127	2	614553.6177	4734308.35
200380	20128	20128	2	613307.7702	4734311.194
200381	20128	20128	2	613292.489	4734219.944
200382	20128	20128	2	613326.6806	4734131.67
200383	20128	20128	2	613359.3264	4734042.574
200384	20128	20128	2	613414.8527	4733964.257
200385	20129	20129	2	614545.6322	4734329.865
200386	20130	20130	2	613412.1677	4734319.433
200387	20130	20130	2	613400.3279	4734227.616
200388	20130	20130	2	613393.8273	4734130.403
200389	20130	20130	2	613409.3026	4734035.463
200390	20131	20131	2	617319.6318	4734435.537
200391	20132	20132	2	618826.8791	4734450.051
200392	20132	20132	2	618745.0908	4734458.45
200393	20133	20133	2	614771.6611	4734384.458
200394	20133	20133	2	614835.2534	4734324.108
200395	20133	20133	2	614904.6734	4734262.256
200396	20134	20134	2	618727.1938	4734512.762
200397	20135	20135	2	617765.9915	4734542.397
200398	20135	20135	2	617732.7263	4734626.131
200399	20135	20135	2	617659.6288	4734669.751
200400	20136	20136	2	619577.7872	4734592.976
200401	20136	20136	2	619666.0893	4734596.551
200402	20136	20136	2	619754.7541	4734594.87
200403	20136	20136	2	619835.5115	4734559.646
200404	20137	20137	2	616927.3528	4734553.391
200405	20137	20137	2	617016.7997	4734564.346
200406	20137	20137	2	617083.2675	4734615.554
200407	20137	20137	2	617144.3607	4734670.97
200408	20137	20137	2	617212.7682	4734722.376
200409	20138	20138	2	614160.2687	4734512.395
200410	20139	20139	2	616500.7563	4734548.185
200411	20139	20139	2	616563.04	4734472.017
200412	20139	20139	2	616622.3683	4734430.241
200413	20141	20141	2	619186.6565	4734707.842
200414	20141	20141	2	619153.4429	4734790.517
200415	20141	20141	2	619103.3014	4734856.296
200416	20141	20141	2	619064.9737	4734934.728
200417	20141	20141	2	619008.151	4735009.909
200418	20141	20141	2	618975.2328	4735098.855
200419	20142	20142	2	616027.2967	4734666.809
200420	20142	20142	2	616076.13	4734591.954
200421	20142	20142	2	616097.2494	4734501.294
200422	20142	20142	2	616136.8955	4734414.596
200423	20142	20142	2	616197.5669	4734335.104
200424	20143	20143	2	615108.3589	4734692.528
200425	20144	20144	2	617839.6215	4734784.694
200426	20145	20145	2	613583.2361	4734702.816
200427	20145	20145	2	613661.5877	4734659.221
200428	20145	20145	2	613722.0931	4734592.294
200429	20145	20145	2	613764.7437	4734506.231
200430	20145	20145	2	613835.2669	4734448.531
200431	20145	20145	2	613894.5674	4734371.867
200432	20145	20145	2	613962.6408	4734333.679
200433	20145	20145	2	614042.8479	4734310.517
200434	20146	20146	2	620207.4196	4734848.836
200435	20146	20146	2	620132.4615	4734854.695
200436	20146	20146	2	620052.6329	4734860.032
200437	20147	20147	2	619873.4855	4734850.255
200438	20147	20147	2	619956.0861	4734867.403
200439	20148	20148	2	619510.6266	4734860.067
200440	20148	20148	2	619552.9149	4734944.096
200441	20148	20148	2	619615.1003	4735005.728
200442	20148	20148	2	619681.1334	4735065.745
200443	20148	20148	2	619759.451	4735107.839
200444	20148	20148	2	619839.2616	4735147.987
200445	20148	20148	2	619935.0815	4735157.905
200446	20149	20149	2	618202.0995	4734864.535
200447	20150	20150	2	618092.2214	4734889.865
200448	20151	20151	2	620095.6248	4734921.352
200449	20151	20151	2	620030.0108	4734989.273
200450	20152	20152	2	614273.9364	4734844.172
200451	20152	20152	2	614173.9501	4734842.518
200452	20153	20153	2	616249.0535	4734913.763
200453	20153	20153	2	616234.3994	4735006.29
200454	20153	20153	2	616250.2985	4735082.89
200455	20154	20154	2	617153.364	4734944.635
200456	20154	20154	2	617234.329	4734921.709
200457	20154	20154	2	617313.3764	4734920.72
200458	20154	20154	2	617397.2791	4734921.076
200459	20154	20154	2	617480.4637	4734921.313
200460	20154	20154	2	617574.0692	4734935.125
200461	20154	20154	2	617656.1177	4734932.797
200462	20155	20155	2	615821.2237	4735028.425
200463	20156	20156	2	617888.7062	4735043.364
200464	20156	20156	2	617969.1175	4735041.834
200465	20156	20156	2	618043.8779	4734996.982
200466	20157	20157	2	613624.2465	4734981.182
200467	20157	20157	2	613702.3937	4734940.006
200468	20157	20157	2	613782.0024	4734900.472
200469	20157	20157	2	613857.3723	4734851.351
200470	20157	20157	2	613921.3174	4734778.977
200471	20157	20157	2	613982.259	4734705.315
200472	20157	20157	2	614048.1101	4734636.514
200473	20158	20158	2	615407.7984	4735021.872
200474	20158	20158	2	615483.4906	4735023.137
200475	20158	20158	2	615559.3028	4735015.981
200476	20158	20158	2	615628.2954	4735076.507
200477	20158	20158	2	615713.2758	4735062.53
200478	20158	20158	2	615803.5727	4735069.597
200479	20159	20159	2	616872.3178	4735034.358
200480	20159	20159	2	616942.93	4734992.888
200481	20160	20160	2	619065.8135	4735095.125
200482	20160	20160	2	619005.5903	4735174.957
200483	20161	20161	2	618265.8459	4735082.456
200484	20161	20161	2	618344.5868	4735069.778
200485	20161	20161	2	618419.0427	4735096.19
200486	20162	20162	2	614815.9186	4735045.877
200487	20162	20162	2	614862.7885	4734961.878
200488	20162	20162	2	614933.8508	4734902.889
200489	20162	20162	2	615005.0335	4734850.862
200490	20162	20162	2	615065.8865	4734791.821
200491	20162	20162	2	615101.4177	4734706.45
200492	20163	20163	2	618807.3346	4735154.509
200493	20164	20164	2	614372.9685	4735063.522
200494	20164	20164	2	614282.1284	4735045.09
200495	20164	20164	2	614188.1197	4735031.583
200496	20165	20165	2	620256.2547	4735216.81
200497	20165	20165	2	620182.4748	4735267.801
200498	20165	20165	2	620122.8708	4735337.787
200499	20166	20166	2	622002.6242	4735329.651
200500	20166	20166	2	621966.7473	4735414.951
200501	20166	20166	2	621942.4872	4735507.043
200502	20166	20166	2	621917.4433	4735596.214
200503	20167	20167	2	614323.6404	4735203.773
200504	20167	20167	2	614229.4491	4735191.106
200505	20167	20167	2	614175.1861	4735142.445
200506	20167	20167	2	614138.4985	4735060.065
200507	20168	20168	2	617661.5035	4735248.249
200508	20168	20168	2	617624.7102	4735166.835
200509	20168	20168	2	617609.3092	4735081.303
200510	20169	20169	2	616208.2776	4735245.227
200511	20169	20169	2	616245.8818	4735157.953
200512	20170	20170	2	620482.7176	4735357.752
200513	20170	20170	2	620432.273	4735429.193
200514	20170	20170	2	620371.7684	4735502.951
200515	20171	20171	2	618203.847	4735309.721
200516	20171	20171	2	618248.9512	4735227.22
200517	20171	20171	2	618315.03	4735192.347
200518	20171	20171	2	618386.2929	4735162.84
200519	20172	20172	2	620788.1567	4735438.26
200520	20172	20172	2	620712.8748	4735424.724
200521	20172	20172	2	620625.9105	4735428.758
200522	20172	20172	2	620537.1925	4735439.427
200523	20172	20172	2	620455.0503	4735462.321
200524	20172	20172	2	620380.5819	4735513.34
200525	20173	20173	2	621628.2839	4735492.223
200526	20174	20174	2	616644.771	4735378.666
200527	20174	20174	2	616600.6293	4735299.027
200528	20174	20174	2	616552.6386	4735230.753
200529	20175	20175	2	621587.1282	4735540.04
200530	20176	20176	2	619206.0881	4735510.501
200531	20177	20177	2	622184.3772	4735557.513
200532	20177	20177	2	622111.8658	4735612.001
200533	20177	20177	2	622028.9905	4735645.927
200534	20177	20177	2	621942.5609	4735672.922
200535	20178	20178	2	619359.6219	4735501.166
200536	20178	20178	2	619292.1048	4735545.229
200537	20179	20179	2	617267.0514	4735518.808
200538	20179	20179	2	617215.7136	4735435.305
200539	20179	20179	2	617213.2865	4735347.437
200540	20180	20180	2	619133.5823	4735601.118
200541	20180	20180	2	619199.3922	4735657.848
200542	20180	20180	2	619265.1652	4735674.816
200543	20181	20181	2	616329.2079	4735549.404
200544	20182	20182	2	614966.1082	4735544.341
200545	20182	20182	2	615050.2608	4735527.97
200546	20182	20182	2	615132.7419	4735516.602
200547	20182	20182	2	615222.8576	4735507.523
200548	20182	20182	2	615303.3708	4735483.832
200549	20182	20182	2	615388.9263	4735492.524
200550	20182	20182	2	615452.0445	4735564.166
200551	20183	20183	2	618476.5296	4735619.531
200552	20184	20184	2	615547.5536	4735599.816
200553	20185	20185	2	619969.5776	4735746.5
200554	20185	20185	2	619932.8584	4735834.312
200555	20185	20185	2	619902.9332	4735921.211
200556	20186	20186	2	619722.6008	4735760.127
200557	20186	20186	2	619675.5633	4735838.647
200558	20187	20187	2	616815.6543	4735689.1
200559	20187	20187	2	616866.1776	4735605.951
200560	20187	20187	2	616918.1661	4735542.993
200561	20187	20187	2	616980.428	4735484.645
200562	20187	20187	2	617053.0281	4735430.235
200563	20187	20187	2	617119.0655	4735386.145
200564	20187	20187	2	617189.1527	4735326.161
200565	20188	20188	2	615224.1184	4735707.483
200566	20188	20188	2	615309.954	4735680.036
200567	20188	20188	2	615392.5774	4735645.872
200568	20188	20188	2	615452.1854	4735576.524
200569	20189	20189	2	620114.7141	4735801.402
200570	20190	20190	2	622388.2878	4735871.486
200571	20190	20190	2	622368.707	4735964.887
200572	20190	20190	2	622294.8692	4736015.878
200573	20190	20190	2	622223.9944	4736074.961
200574	20191	20191	2	616279.145	4735742.947
200575	20191	20191	2	616313.6188	4735662.125
200576	20191	20191	2	616358.8153	4735588.946
200577	20192	20192	2	618571.8836	4735781.58
200578	20192	20192	2	618556.2611	4735690.475
200579	20192	20192	2	618588.0806	4735601.016
200580	20193	20193	2	618914.994	4735804.962
200581	20193	20193	2	618981.0585	4735742.185
200582	20193	20193	2	619073.6713	4735743.935
200583	20193	20193	2	619156.4657	4735768.69
200584	20193	20193	2	619244.3365	4735793.396
200585	20193	20193	2	619307.7624	4735864.468
200586	20194	20194	2	621358.1613	4735882.025
200587	20194	20194	2	621358.4156	4735970.661
200588	20194	20194	2	621387.4006	4736057.805
200589	20195	20195	2	619256.4174	4735883.198
200590	20196	20196	2	618454.6261	4735842.133
200591	20196	20196	2	618456.1795	4735751.61
200592	20197	20197	2	615881.3778	4735835.917
200593	20197	20197	2	615922.2941	4735752.36
200594	20197	20197	2	615910.8055	4735656.702
200595	20197	20197	2	615908.2131	4735567.379
200596	20197	20197	2	615874.3716	4735486.85
200597	20197	20197	2	615837.3345	4735401.604
200598	20198	20198	2	617564.3165	4735882.46
200599	20198	20198	2	617645.4169	4735844.612
200600	20199	20199	2	620368.9657	4735960.791
200601	20199	20199	2	620316.6011	4736028.275
200602	20200	20200	2	619464.2957	4735950.628
200603	20201	20201	2	621083.3778	4736033.234
200604	20201	20201	2	621125.1084	4736119.572
200605	20201	20201	2	621164.9351	4736207.007
200606	20202	20202	2	620430.3611	4736029.591
200607	20202	20202	2	620354.3522	4736078.073
200608	20203	20203	2	618063.1514	4735999.862
200609	20203	20203	2	618133.6072	4735939.944
200610	20204	20204	2	617705.8552	4736021.847
200611	20205	20205	2	616688.1139	4736017.333
200612	20205	20205	2	616767.0217	4735975.561
200613	20205	20205	2	616853.5199	4735982.579
200614	20205	20205	2	616928.1564	4735981.864
200615	20205	20205	2	616993.3988	4736044.096
200616	20206	20206	2	620630.5584	4736119.146
200617	20206	20206	2	620582.2295	4736187.816
200618	20206	20206	2	620524.9432	4736268.223
200619	20207	20207	2	622340.3818	4736130.972
200620	20207	20207	2	622247.492	4736129.326
200621	20208	20208	2	618753.6158	4736127.199
200622	20208	20208	2	618816.8814	4736192.962
200623	20208	20208	2	618862.9906	4736275.646
200624	20209	20209	2	619606.6053	4736117.491
200625	20210	20210	2	616964.6183	4736093.154
200626	20211	20211	2	620273.7868	4736165.911
200627	20211	20211	2	620354.2551	4736180.759
200628	20211	20211	2	620434.9918	4736185.219
200629	20212	20212	2	620693.7776	4736177.517
200630	20212	20212	2	620614.22	4736203.463
200631	20212	20212	2	620604.8454	4736273.557
200632	20213	20213	2	621756.9292	4736219.668
200633	20214	20214	2	618080.9103	4736127.135
200634	20215	20215	2	622369.6066	4736242.572
200635	20215	20215	2	622278.9158	4736223.192
200636	20215	20215	2	622193.5266	4736218.953
200637	20216	20216	2	621943.6701	4736281.129
200638	20217	20217	2	620988.1253	4736284.639
200639	20217	20217	2	620937.3766	4736355.611
200640	20218	20218	2	618055.3755	4736230.121
200641	20218	20218	2	618071.3875	4736144.313
200642	20219	20219	2	616952.538	4736235.114
200643	20219	20219	2	617021.6163	4736176.713
200644	20219	20219	2	617061.7489	4736098.829
200645	20220	20220	2	621477.6951	4736321.243
200646	20220	20220	2	621403.6576	4736372.417
200647	20220	20220	2	621324.5645	4736365.195
200648	20220	20220	2	621235.695	4736352.525
200649	20220	20220	2	621149.0351	4736356.558
200650	20221	20221	2	619630.4022	4736360.058
200651	20222	20222	2	617646.437	4736393.702
200652	20222	20222	2	617634.9314	4736300.526
200653	20222	20222	2	617672.1065	4736218.948
200654	20222	20222	2	617706.2893	4736130.949
200655	20222	20222	2	617694.4111	4736041.615
200656	20223	20223	2	622131.4967	4736491.62
200657	20223	20223	2	622063.2577	4736554.84
200658	20223	20223	2	621994.1327	4736617.568
200659	20223	20223	2	621926.6603	4736683.063
200660	20223	20223	2	621873.4385	4736759.047
200661	20223	20223	2	621858.7032	4736852.013
200662	20223	20223	2	621798.7086	4736915.624
200663	20223	20223	2	621726.0823	4736956.346
200664	20223	20223	2	621725.027	4737053.872
200665	20224	20224	2	618438.4648	4736498.343
200666	20224	20224	2	618520.5795	4736464.207
200667	20224	20224	2	618604.1492	4736476.729
200668	20224	20224	2	618681.0297	4736431.419
200669	20225	20225	2	619756.0171	4736545.136
200670	20225	20225	2	619727.3005	4736455.064
200671	20225	20225	2	619679.4556	4736376.112
200672	20226	20226	2	620153.6302	4736645.728
200673	20226	20226	2	620234.3909	4736639.516
200674	20226	20226	2	620320.8119	4736639.578
200675	20226	20226	2	620388.758	4736583.481
200676	20226	20226	2	620417.1853	4736501.496
200677	20226	20226	2	620488.1978	4736519.338
200678	20226	20226	2	620502.5032	4736611.737
200679	20226	20226	2	620503.6035	4736708.295
200680	20226	20226	2	620499.9982	4736795.579
200681	20226	20226	2	620569.0834	4736845.082
200682	20227	20227	2	621198.37	4736686.748
200683	20228	20228	2	622671.5095	4736714.201
200684	20228	20228	2	622597.017	4736765.035
200685	20228	20228	2	622536.4948	4736844.641
200686	20228	20228	2	622475.9726	4736924.247
200687	20228	20228	2	622398.5457	4736955.026
200688	20229	20229	2	621464.3826	4736685.347
200689	20229	20229	2	621382.0734	4736669.908
200690	20229	20229	2	621297.1725	4736695.242
200691	20229	20229	2	621232.8739	4736740.149
200692	20229	20229	2	621143.5061	4736738.579
200693	20230	20230	2	619281.0697	4736657.251
200694	20230	20230	2	619310.1623	4736575.36
200695	20230	20230	2	619362.47	4736493.079
200696	20230	20230	2	619346.0332	4736402.459
200697	20230	20230	2	619326.3213	4736311.904
200698	20230	20230	2	619345.943	4736218.377
200699	20230	20230	2	619381.8344	4736130.567
200700	20230	20230	2	619444.3976	4736066.424
200701	20230	20230	2	619488.0668	4735997.994
200702	20231	20231	2	622428.0399	4736826.557
200703	20231	20231	2	622398.64	4736916.468
200704	20232	20232	2	618536.8206	4736835.19
200705	20232	20232	2	618600.8507	4736768.699
200706	20232	20232	2	618656.0675	4736689.878
200707	20232	20232	2	618653.6233	4736596.908
200708	20232	20232	2	618664.2041	4736505.078
200709	20232	20232	2	618711.3829	4736426.387
200710	20233	20233	2	622662.153	4736950.961
200711	20233	20233	2	622596.0772	4737018.61
200712	20233	20233	2	622530.5928	4737077.43
200713	20233	20233	2	622460.9972	4737098.412
200714	20233	20233	2	622370.3645	4737079.031
200715	20234	20234	2	620737.5977	4736945.111
200716	20234	20234	2	620779.4593	4737002.551
200717	20235	20235	2	620130.9205	4736916.379
200718	20235	20235	2	620198.9167	4736852.025
200719	20236	20236	2	621297.2667	4736947.891
200720	20236	20236	2	621228.0303	4736994.439
200721	20236	20236	2	621155.1792	4737037.292
200722	20236	20236	2	621109.6231	4737113.186
200723	20236	20236	2	621094.5686	4737192.635
200724	20236	20236	2	621158.3295	4737239.815
200725	20237	20237	2	618735.0212	4736938.158
200726	20237	20237	2	618774.4579	4736850.909
200727	20237	20237	2	618815.1161	4736770.815
200728	20237	20237	2	618816.7181	4736677.773
200729	20237	20237	2	618872.5171	4736608.815
200730	20237	20237	2	618941.533	4736580.883
200731	20237	20237	2	618946.0121	4736488.039
200732	20237	20237	2	618938.6808	4736391.101
200733	20237	20237	2	618912.4885	4736302.246
200734	20238	20238	2	620557.8401	4737046.567
200735	20239	20239	2	619507.4949	4737018.845
200736	20239	20239	2	619583.4852	4736971.296
200737	20239	20239	2	619670.4715	4736954.232
200738	20239	20239	2	619754.0374	4736949.639
200739	20240	20240	2	622130.3829	4737140.072
200740	20241	20241	2	618870.2024	4737072.469
200741	20241	20241	2	618898.9781	4736985.465
200742	20241	20241	2	618947.8269	4736904.982
200743	20241	20241	2	618943.9552	4736811.694
200744	20241	20241	2	618957.2154	4736733.207
200745	20242	20242	2	621483.8994	4737168.677
200746	20242	20242	2	621460.1552	4737252.247
200747	20242	20242	2	621385.9718	4737289.29
200748	20242	20242	2	621328.5549	4737344.555
200749	20243	20243	2	622436.0885	4737174.617
200750	20243	20243	2	622349.8976	4737203.251
200751	20243	20243	2	622263.958	4737181.965
200752	20244	20244	2	619069.0679	4737110.693
200753	20244	20244	2	619085.0283	4737015.716
200754	20244	20244	2	619098.9565	4736919.906
200755	20244	20244	2	619079.2521	4736828.835
200756	20244	20244	2	619057.5406	4736741.857
200757	20244	20244	2	618991.5547	4736691.06
200758	20245	20245	2	621232.1156	4737188.321
200759	20246	20246	2	619666.8447	4737133.254
200760	20246	20246	2	619721.8051	4737054.796
200761	20246	20246	2	619765.4866	4736980.393
200762	20247	20247	2	620779.9472	4737213.74
200763	20247	20247	2	620858.1516	4737236.162
200764	20248	20248	2	620563.9584	4737246.868
200765	20248	20248	2	620539.0822	4737160.134
200766	20248	20248	2	620570.1165	4737075.703
200767	20249	20249	2	621317.8691	4737302.357
200768	20250	20250	2	621082.8956	4737319.964
200769	20250	20250	2	621103.6854	4737410.304
200770	20250	20250	2	621103.9989	4737477.498
200771	20251	20251	2	620106.4922	4737316.212
200772	20252	20252	2	622427.6697	4737412.813
200773	20252	20252	2	622359.4897	4737478.162
200774	20252	20252	2	622276.4834	4737489.123
200775	20252	20252	2	622214.2819	4737559.043
200776	20252	20252	2	622185.0228	4737649.463
200777	20253	20253	2	619922.581	4737390.957
200778	20253	20253	2	619990.3424	4737331.595
200779	20253	20253	2	620075.9734	4737304.27
200780	20254	20254	2	621355.3501	4737433.268
200781	20255	20255	2	622542.1228	4737621.76
200782	20255	20255	2	622470.9648	4737649.036
200783	20255	20255	2	622381.342	4737667.96
200784	20255	20255	2	622300.6751	4737705.53
200785	20255	20255	2	622228.8696	4737760.061
200786	20256	20256	2	621675.1431	4737630.438
200787	20256	20256	2	621608.5563	4737577.648
200788	20256	20256	2	621528.0029	4737564.01
200789	20256	20256	2	621452.098	4737613.21
200790	20256	20256	2	621382.9743	4737675.303
200791	20256	20256	2	621315.3762	4737740.21
200792	20256	20256	2	621247.5469	4737789.013
200793	20256	20256	2	621175.3063	4737809.855
200794	20256	20256	2	621109.4765	4737878.271
200795	20257	20257	2	620428.9006	4737680.254
200796	20257	20257	2	620513.9771	4737662.8
200797	20257	20257	2	620589.8107	4737626.686
200798	20258	20258	2	620981.7529	4737825.446
200799	20259	20259	2	620497.8704	4737816.264
200800	20259	20259	2	620537.9735	4737730.128
200801	20259	20259	2	620598.679	4737650.662
200802	20260	20260	2	620898.016	4737941.137
200803	20261	20261	2	620122.7076	4737987.917
200804	20262	20262	2	620078.0273	4737980.72
200805	20263	20263	2	620864.1321	4738038.832
200806	20264	20264	2	622325.3592	4738104.204
200807	20265	20265	2	621892.6019	4738198.608
200808	20265	20265	2	621913.9013	4738286.808
200809	20265	20265	2	621910.3218	4738376.417
200810	20265	20265	2	621874.3444	4738453.219
200811	20265	20265	2	621837.6496	4738528.786
200812	20266	20266	2	621045.6923	4738191.769
200813	20266	20266	2	621108.192	4738115.387
200814	20267	20267	2	622686.3727	4738265.587
200815	20267	20267	2	622651.3203	4738350.22
200816	20268	20268	2	622367.5597	4738361.978
200817	20268	20268	2	622296.1829	4738307.393
200818	20268	20268	2	622244.9221	4738370.758
200819	20269	20269	2	622630.5967	4738382.756
200820	20270	20270	2	622209.4248	4738395.215
200821	20271	20271	2	621288.2739	4738389.305
200822	20271	20271	2	621270.288	4738483.064
200823	20271	20271	2	621218.9478	4738482.769
200824	20272	20272	2	621636.0193	4738548.985
200825	20272	20272	2	621717.012	4738548.954
200826	20272	20272	2	621801.3593	4738562.44
200827	20273	20273	2	622089.2013	4738762.879
200828	20274	20274	2	621968.2789	4738997.199
200829	20274	20274	2	622059.0232	4739016.338
200830	20274	20274	2	622140.6064	4738990.282
200831	20274	20274	2	622211.9749	4738995.72
200832	20275	20275	2	622140.3829	4739192.133
200833	20275	20275	2	622216.3049	4739177.971
200834	20275	20275	2	622297.3545	4739214.955
200835	20275	20275	2	622374.4917	4739207.044
300836	30276	30276	3	616574.0004	4730956.029
300837	30276	30276	3	616499.6711	4730920.537
300838	30276	30276	3	616421.2357	4730887.493
300839	30276	30276	3	616352.0985	4730949.168
300840	30276	30276	3	616277.8461	4731000.217
300841	30276	30277	3	616197.0389	4731037.434
300842	30276	30277	3	616123.5064	4731076.011
300843	30276	30277	3	616075.2244	4731142.021
300844	30276	30278	3	616013.7974	4731214.119
300845	30276	30278	3	615963.6546	4731296.937
300846	30276	30278	3	615909.0524	4731370.168
300847	30277	30279	3	615865.1084	4731415.373
300848	30278	30280	3	614543.7222	4731527.836
300849	30278	30280	3	614601.2853	4731609.434
300850	30279	30281	3	615163.5802	4731591.401
300851	30279	30281	3	615152.9904	4731675.78
300852	30279	30282	3	615125.309	4731764.416
300853	30279	30282	3	615067.3244	4731838.614
300854	30279	30282	3	615016.744	4731921.714
300855	30279	30282	3	614978.7979	4732006.268
300856	30280	30283	3	614419.0761	4731608.699
300857	30280	30283	3	614512.6326	4731622.467
300858	30281	30284	3	616848.1542	4731749.803
300859	30281	30284	3	616853.8401	4731841.172
300860	30281	30284	3	616841.6748	4731926.125
300861	30281	30284	3	616861.958	4732008.553
300862	30281	30284	3	616890.3595	4732092.595
300863	30281	30284	3	616868.2021	4732183.887
300864	30281	30284	3	616832.4005	4732260.161
300865	30281	30284	3	616834.2355	4732352.463
300866	30281	30285	3	616877.9521	4732415.167
300867	30281	30285	3	616950.9451	4732452.66
300868	30281	30285	3	616994.7681	4732538.312
300869	30282	30286	3	616185.3098	4731820.33
300870	30282	30286	3	616099.653	4731836.663
300871	30282	30286	3	616026.529	4731798.532
300872	30282	30286	3	615946.5611	4731780.776
300873	30283	30287	3	617720.6169	4731862.276
300874	30283	30287	3	617722.0871	4731954.299
300875	30283	30287	3	617737.7735	4732042.947
300876	30283	30287	3	617718.979	4732136.756
300877	30283	30287	3	617730.6975	4732217.959
300878	30283	30287	3	617716.1725	4732301.506
300879	30283	30287	3	617701.5543	4732375.829
300880	30283	30288	3	617667.4313	4732456.297
300881	30283	30288	3	617657.3358	4732546.136
300882	30283	30288	3	617612.8878	4732619.961
300883	30283	30288	3	617584.2193	4732693.44
300884	30283	30289	3	617538.6712	4732771.796
300885	30283	30289	3	617552.0031	4732859.685
300886	30283	30289	3	617584.0356	4732944.788
300887	30284	30291	3	613861.5676	4731840.803
300888	30284	30291	3	613822.9068	4731910.978
300889	30284	30292	3	613824.4031	4731994.238
300890	30284	30292	3	613826.7156	4732092.995
300891	30284	30293	3	613839.1205	4732182.27
300892	30284	30293	3	613907.2369	4732234.79
300893	30285	30294	3	617306.0491	4732110.292
300894	30285	30294	3	617259.9728	4732189.347
300895	30285	30294	3	617208.4124	4732269.21
300896	30285	30295	3	617169.8238	4732353.619
300897	30285	30295	3	617148.4833	4732443.074
300898	30285	30295	3	617088.2847	4732517.941
300899	30286	30296	3	613996.611	4732153.204
300900	30286	30296	3	613935.9391	4732226.725
300901	30287	30297	3	617995.0221	4732227.694
300902	30287	30297	3	617971.1329	4732317.448
300903	30287	30297	3	617978.0452	4732406.106
300904	30287	30297	3	617973.135	4732502.46
300905	30287	30297	3	617975.7049	4732591.732
300906	30287	30297	3	617923.0503	4732668.092
300907	30287	30297	3	617891.909	4732755.63
300908	30287	30297	3	617836.6824	4732821.338
300909	30288	30298	3	616260.356	4732399.194
300910	30288	30298	3	616207.0458	4732475.419
300911	30288	30298	3	616161.3232	4732557.207
300912	30288	30298	3	616113.056	4732638.585
300913	30289	30299	3	613354.4275	4732461.989
300914	30289	30299	3	613440.2079	4732433.819
300915	30289	30299	3	613521.6201	4732407.498
300916	30289	30299	3	613593.7468	4732421.957
300917	30290	30300	3	619377.6881	4732582.083
300918	30290	30300	3	619380.6436	4732664.18
300919	30290	30300	3	619374.7852	4732750.102
300920	30290	30300	3	619399.6464	4732829.248
300921	30290	30300	3	619406.2868	4732917.212
300922	30291	30301	3	616056.1452	4732672.343
300923	30292	30302	3	613209.7294	4732695.097
300924	30292	30302	3	613290.8744	4732657.481
300925	30292	30302	3	613364.4985	4732615.438
300926	30292	30302	3	613443.2103	4732573.308
300927	30292	30302	3	613514.5335	4732514.577
300928	30292	30302	3	613581.8622	4732455.482
300929	30293	30303	3	619689.4746	4732834.3
300930	30293	30303	3	619615.4905	4732874.559
300931	30293	30305	3	619537.1907	4732901.643
300932	30293	30305	3	619465.1044	4732935.942
300933	30294	30306	3	618053.7328	4732847.255
300934	30294	30306	3	617965.7858	4732845.753
300935	30294	30306	3	617890.8611	4732876.44
300936	30295	30307	3	619238.924	4733054.772
300937	30295	30307	3	619294.9111	4733108.105
300938	30296	30308	3	618670.0565	4733152.173
300939	30296	30308	3	618630.7845	4733220.133
300940	30296	30308	3	618559.3935	4733267.096
300941	30296	30309	3	618568.9392	4733353.196
300942	30296	30309	3	618551.3863	4733447.425
300943	30296	30309	3	618546.7368	4733530.976
300944	30296	30309	3	618488.3432	4733590.723
300945	30296	30309	3	618429.8741	4733649.23
300946	30296	30310	3	618409.9624	4733733.058
300947	30296	30310	3	618454.3729	4733805.216
300948	30296	30311	3	618462.9664	4733883.961
300949	30296	30311	3	618534.4325	4733938.716
300950	30296	30311	3	618594.4474	4733991.186
300951	30296	30311	3	618658.9589	4734029.195
300952	30296	30311	3	618722.9512	4734087.866
300953	30297	30312	3	619620.2547	4733421.822
300954	30297	30313	3	619535.6708	4733438.13
300955	30297	30313	3	619444.7156	4733454.33
300956	30297	30313	3	619371.9452	4733470.844
300957	30297	30313	3	619291.0797	4733447.77
300958	30297	30313	3	619207.6653	4733414.689
300959	30298	30314	3	614848.6308	4733437.186
300960	30298	30314	3	614938.6881	4733418.982
300961	30298	30314	3	615027.1413	4733433.715
300962	30298	30315	3	615063.3651	4733351.634
300963	30298	30315	3	615113.0993	4733283.602
300964	30298	30316	3	615159.5425	4733202.192
300965	30298	30316	3	615228.9045	4733141.078
300966	30298	30316	3	615294.3261	4733083.903
300967	30299	30317	3	612890.0484	4733413.77
300968	30299	30317	3	612961.3806	4733356.374
300969	30299	30317	3	613049.91	4733334.497
300970	30299	30318	3	613133.4847	4733365.128
300971	30299	30319	3	613219.6407	4733367.267
300972	30299	30319	3	613309.2774	4733374.29
300973	30299	30319	3	613398.2097	4733352.65
300974	30300	30320	3	613207.4101	4733791.935
300975	30300	30320	3	613281.8114	4733763.503
300976	30300	30320	3	613362.6999	4733726.308
300977	30301	30321	3	613418.9048	4733940.586
300978	30301	30322	3	613398.4709	4733847.581
300979	30301	30322	3	613369.2509	4733756.805
300980	30302	30323	3	619617.3897	4734081.585
300981	30302	30323	3	619681.1062	4734141.053
300982	30302	30324	3	619749.2384	4734199.19
300983	30302	30324	3	619787.0864	4734272.274
300984	30302	30324	3	619838.3863	4734338.513
300985	30302	30324	3	619883.4855	4734414.5
300986	30302	30324	3	619920.2942	4734474.506
300987	30302	30325	3	619924.9444	4734534.844
300988	30302	30325	3	619967.3361	4734603.674
300989	30302	30325	3	620002.6072	4734688.099
300990	30302	30325	3	620012.6175	4734777.165
300991	30302	30325	3	620015.0982	4734869.915
300992	30302	30327	3	620019.1017	4734966.276
300993	30302	30328	3	620011.7957	4735059.906
300994	30302	30328	3	619997.0411	4735155.304
300995	30302	30329	3	620035.5038	4735237.104
300996	30302	30329	3	620070.3485	4735322.56
300997	30302	30330	3	620133.7689	4735393.638
300998	30302	30330	3	620186.4518	4735465.364
300999	30303	30331	3	614935.2335	4734245.576
301000	30304	30332	3	614588.0284	4734262.341
301001	30304	30332	3	614662.2945	4734210.903
301002	30304	30332	3	614736.1875	4734157.608
301003	30304	30332	3	614826.1852	4734152.439
301004	30304	30332	3	614912.1079	4734144.579
301005	30304	30332	3	614982.4142	4734168.787
301006	30305	30333	3	618677.1703	4734518.567
301007	30306	30334	3	617627.0508	4734735.266
301008	30307	30335	3	615125.7801	4734691.533
301009	30307	30335	3	615207.7467	4734694.663
301010	30307	30335	3	615285.2782	4734678.818
301011	30307	30335	3	615357.4997	4734624.621
301012	30307	30335	3	615423.8389	4734568.945
301013	30307	30335	3	615495.2734	4734512.49
301014	30307	30335	3	615541.753	4734434.202
301015	30307	30335	3	615617.8655	4734386.593
301016	30307	30335	3	615694.3967	4734358.233
301017	30307	30335	3	615774.9152	4734339.338
301018	30307	30335	3	615860.7403	4734311.897
301019	30307	30335	3	615949.6219	4734324.497
301020	30307	30335	3	616032.6063	4734302.564
301021	30307	30335	3	616108.8737	4734291.628
301022	30307	30335	3	616190.4515	4734317.437
301023	30307	30336	3	616280.7887	4734312.293
301024	30307	30336	3	616354.1863	4734274.342
301025	30307	30336	3	616432.1847	4734309.29
301026	30307	30337	3	616470.1458	4734344.651
301027	30307	30337	3	616542.3303	4734328.92
301028	30308	30338	3	614126.3163	4734982.181
301029	30308	30338	3	614145.8665	4734888.843
301030	30308	30339	3	614141.467	4734792.757
301031	30308	30339	3	614100.5921	4734706.203
301032	30308	30339	3	614089.0759	4734610.55
301033	30308	30340	3	614094.7359	4734515.695
301034	30308	30341	3	614114.7174	4734424.524
301035	30308	30341	3	614093.3825	4734334.957
301036	30308	30342	3	614099.5316	4734240.037
301037	30308	30342	3	614122.9151	4734147.898
301038	30308	30342	3	614144.9117	4734055.411
301039	30308	30342	3	614148.0528	4733964.248
301040	30308	30342	3	614110.094	4733882.86
301041	30308	30342	3	614110.7439	4733794.539
301042	30308	30343	3	614100.6205	4733701.058
301043	30308	30344	3	614092.003	4733609.747
301044	30308	30344	3	614087.3147	4733530.798
301045	30308	30344	3	614085.0526	4733449.2
301046	30308	30344	3	614083.2039	4733382.36
301047	30308	30344	3	614101.6623	4733310.691
301048	30309	30345	3	618439.8726	4735086.899
301049	30309	30345	3	618458.1888	4735006.708
301050	30310	30346	3	615847.5493	4735082.485
301051	30310	30346	3	615918.8652	4735112.631
301052	30311	30347	3	618999.9333	4735202.266
301053	30311	30347	3	619056.2993	4735275.106
301054	30311	30347	3	619117.6649	4735350.092
301055	30311	30347	3	619168.0282	4735431.217
301056	30312	30348	3	617240.2684	4735276.683
301057	30312	30348	3	617262.9001	4735183.954
301058	30312	30348	3	617313.3624	4735106.996
301059	30312	30348	3	617355.4464	4735025.822
301060	30312	30348	3	617452.532	4735033.027
301061	30312	30348	3	617550.1099	4735029.134
301062	30312	30349	3	617647.4989	4735036.346
301063	30312	30349	3	617705.4379	4734997.152
301064	30312	30350	3	617729.9813	4734911.337
301065	30313	30351	3	620346.1729	4735530.513
301066	30313	30351	3	620257.1258	4735522.296
301067	30314	30352	3	621600.0829	4735563.91
301068	30314	30352	3	621615.4497	4735656.291
301069	30314	30352	3	621618.0531	4735740.804
301070	30314	30352	3	621581.3653	4735825.614
301071	30314	30352	3	621538.1266	4735902.785
301072	30314	30352	3	621483.8944	4735969.372
301073	30314	30352	3	621434.8699	4736044.198
301074	30314	30353	3	621368.708	4736106.952
301075	30314	30353	3	621331.9192	4736183.591
301076	30314	30353	3	621261.3474	4736236.543
301077	30314	30353	3	621195.6296	4736282.394
301078	30314	30354	3	621126.4885	4736328.179
301079	30314	30355	3	621085.5869	4736396.544
301080	30314	30355	3	621019.9193	4736454.265
301081	30314	30355	3	620949.9566	4736470.811
301082	30314	30356	3	620886.0551	4736429.285
301083	30314	30356	3	620831.1241	4736488.501
301084	30314	30356	3	620767.0975	4736531.802
301085	30314	30356	3	620710.0923	4736552.716
301086	30315	30357	3	616372.0988	4735522.023
301087	30315	30357	3	616425.4785	4735439.873
301088	30315	30357	3	616449.6412	4735347.647
301089	30315	30357	3	616484.4276	4735265.65
301090	30316	30358	3	615477.7652	4735558.435
301091	30316	30359	3	615535.2293	4735489.417
301092	30316	30359	3	615620.8662	4735473.079
301093	30316	30359	3	615668.3635	4735397.231
301094	30316	30359	3	615754.0166	4735370.586
301095	30316	30360	3	615821.4373	4735310.935
301096	30316	30360	3	615893.6019	4735280.612
301097	30316	30360	3	615936.5994	4735206.946
301098	30317	30361	3	621883.5862	4735697.89
301099	30317	30361	3	621816.0747	4735745.826
301100	30317	30361	3	621770.5054	4735825.418
301101	30317	30361	3	621753.0896	4735912.519
301102	30317	30361	3	621749.7671	4736005.892
301103	30317	30361	3	621737.7702	4736099.498
301104	30317	30361	3	621739.8344	4736189.743
301105	30317	30362	3	621778.0046	4736277.568
301106	30317	30362	3	621806.6913	4736367.894
301107	30318	30363	3	619319.333	4735887.579
301108	30319	30364	3	619541.2655	4735952.931
301109	30319	30364	3	619620.9101	4735962.308
301110	30320	30365	3	617689.2471	4735946.784
301111	30321	30366	3	622218.6652	4736134
301112	30321	30366	3	622161.5821	4736192.233
301113	30321	30367	3	622103.943	4736266.718
301114	30321	30367	3	622015.8778	4736259.636
301115	30321	30367	3	621942.5706	4736306.106
301116	30321	30368	3	621873.4541	4736366.659
301117	30322	30369	3	620366.6827	4736113.083
301118	30322	30369	3	620435.5272	4736161.897
301119	30322	30370	3	620488.3124	4736236.549
301120	30322	30371	3	620555.6295	4736294.789
301121	30323	30372	3	617029.2821	4736064.468
301122	30323	30373	3	617108.7575	4736030.368
301123	30323	30373	3	617186.7684	4736029.328
301124	30323	30373	3	617253.3513	4735990.149
301125	30323	30373	3	617305.6029	4735916.269
301126	30323	30373	3	617396.4382	4735906.099
301127	30323	30373	3	617470.94	4735934.188
301128	30323	30373	3	617555.9404	4735941.189
301129	30323	30373	3	617634.7409	4735899.01
301130	30324	30374	3	618081.0859	4736109.226
301131	30324	30374	3	618121.0195	4736022.834
301132	30324	30374	3	618148.5872	4735934.592
301133	30324	30375	3	618213.0963	4735865.425
301134	30324	30375	3	618283.1857	4735810.071
301135	30324	30375	3	618370.1205	4735784.041
301136	30324	30375	3	618447.6414	4735738.718
301137	30324	30377	3	618498.1838	4735675.16
301138	30324	30377	3	618560.989	4735612.379
301139	30324	30378	3	618626.0532	4735547.393
301140	30324	30378	3	618697.4928	4735491.548
301141	30324	30378	3	618775.8709	4735460.194
301142	30324	30378	3	618851.7538	4735415.736
301143	30324	30378	3	618914.4558	4735352.412
301144	30324	30378	3	618994.3271	4735361.227
301145	30325	30379	3	619686.3736	4736313.992
301146	30325	30379	3	619689.4606	4736216.992
301147	30325	30379	3	619636.9185	4736140.99
301148	30325	30380	3	619625.999	4736053.666
301149	30326	30381	3	618756.5398	4736403.651
301150	30326	30381	3	618832.7232	4736357.385
301151	30326	30382	3	618900.8791	4736300.898
301152	30327	30384	3	618982.254	4736664.311
301153	30327	30384	3	618983.9349	4736566.825
301154	30327	30384	3	618994.5565	4736472.886
301155	30327	30384	3	618983.1123	4736377.208
301156	30327	30384	3	618984.793	4736279.723
301157	30328	30385	3	621116.7229	4736730.668
301158	30328	30385	3	621054.2743	4736800.458
301159	30328	30385	3	621012.9424	4736883.844
301160	30328	30385	3	620981.4491	4736965.674
301161	30328	30385	3	620891.5521	4736973.275
301162	30329	30386	3	622376.556	4736955.773
301163	30329	30386	3	622314.6163	4737025.956
301164	30329	30387	3	622254.2082	4737088.127
301165	30329	30388	3	622180.4204	4737140.093
301166	30329	30388	3	622132.8933	4737203.679
301167	30329	30389	3	622086.0449	4737256.793
301168	30329	30389	3	622066.5169	4737344.689
301169	30330	30390	3	619814.5833	4736928.464
301170	30330	30390	3	619887.4623	4736899.925
301171	30330	30390	3	619967.3264	4736860.317
301172	30330	30390	3	620043.7808	4736812.318
301173	30330	30390	3	620135.7512	4736797.607
301174	30330	30390	3	620223.7175	4736822.466
301175	30330	30391	3	620307.1489	4736855.336
301176	30330	30391	3	620392.6277	4736884.477
301177	30330	30391	3	620476.1006	4736906.886
301178	30330	30391	3	620555.1034	4736884.136
301179	30330	30392	3	620622.0741	4736906.371
301180	30331	30393	3	620587.7506	4737037.313
301181	30331	30393	3	620668.2197	4737036.835
301182	30332	30394	3	621187.0478	4737274.314
301183	30332	30394	3	621163.9437	4737352.51
301184	30332	30394	3	621158.554	4737438.272
301185	30333	30395	3	620132.7673	4737282.776
301186	30333	30395	3	620210.4184	4737250.201
301187	30333	30395	3	620282.9266	4737195.617
301188	30333	30395	3	620351.7954	4737150.495
301189	30333	30395	3	620424.7204	4737101.46
301190	30333	30395	3	620483.9282	4737024.727
301191	30333	30395	3	620559.5973	4736976.063
301192	30333	30395	3	620654.8059	4736967.325
301193	30334	30397	3	621296.2607	4737369.087
301194	30334	30397	3	621210.1646	4737396.054
301195	30335	30398	3	620630.7927	4737642.682
301196	30335	30398	3	620717.748	4737655.186
301197	30335	30398	3	620792.0171	4737603.743
301198	30335	30398	3	620875.2705	4737582.534
301199	30335	30398	3	620969.6428	4737584.188
301200	30335	30398	3	621029.1859	4737537.468
301201	30336	30399	3	620911.4151	4737978.098
301202	30336	30399	3	620965.4544	4738009.279
301203	30336	30399	3	621020.9532	4738043.853
301204	30337	30400	3	620137.41	4738009.145
301205	30337	30400	3	620187.4955	4738082.599
301206	30337	30400	3	620272.5338	4738101.854
301207	30337	30400	3	620360.629	4738126.718
301208	30337	30400	3	620445.2218	4738147.484
301209	30337	30400	3	620498.378	4738222.612
301210	30337	30400	3	620556.7423	4738292.476
301211	30337	30400	3	620597.4226	4738343.666
301212	30337	30400	3	620669.5412	4738397.468
301213	30337	30400	3	620740.3664	4738448.777
301214	30337	30400	3	620820.0949	4738464.517
301215	30337	30400	3	620887.6629	4738448.073
301216	30337	30400	3	620957.1598	4738399.24
301217	30337	30400	3	621034.1075	4738403.628
301218	30337	30400	3	621098.7587	4738445.773
301219	30338	30401	3	622607.3109	4738402.376
301220	30338	30401	3	622532.9252	4738454.132
301221	30338	30401	3	622457.8994	4738504.656
301222	30338	30401	3	622381.5838	4738551.067
301223	30338	30401	3	622303.0736	4738567.447
301224	30339	30402	3	621819.7789	4738592.603
301225	30339	30402	3	621808.2931	4738675.038
301226	30339	30402	3	621832.4273	4738760.507
301227	30339	30402	3	621867.9024	4738813.01
401228	40340	40403	4	615894.1017	4731480.357
401229	40340	40403	4	615907.2835	4731574.625
401230	40340	40403	4	615960.9621	4731644.198
401231	40340	40404	4	615972.5671	4731733.452
401232	40340	40405	4	615914.6251	4731805
401233	40340	40406	4	615900.2075	4731897.604
401234	40340	40406	4	615881.8395	4731991.873
401235	40340	40407	4	615807.8096	4732042.664
401236	40340	40407	4	615757.3268	4732116.749
401237	40340	40407	4	615707.5046	4732197.244
401238	40340	40407	4	615618.3223	4732217.363
401239	40340	40408	4	615527.837	4732221.404
401240	40340	40409	4	615442.9097	4732202.212
401241	40340	40409	4	615348.2298	4732200.631
401242	40340	40409	4	615260.2917	4732223.601
401243	40340	40409	4	615183.8165	4732227.879
401244	40340	40409	4	615090.2045	4732214.101
401245	40341	40410	4	614626.2265	4731620.602
401246	40341	40411	4	614702.5854	4731667.294
401247	40341	40411	4	614756.7372	4731743.579
401248	40341	40411	4	614795.6883	4731827.953
401249	40341	40412	4	614841.7623	4731910.267
401250	40341	40412	4	614910.5914	4731970.076
401251	40341	40414	4	614978.4231	4732028.793
401252	40341	40414	4	615031.7198	4732106.114
401253	40341	40414	4	615058.4283	4732197.048
401254	40342	40415	4	613923.8108	4732272.489
401255	40342	40415	4	613907.7403	4732367.47
401256	40342	40415	4	613933.9139	4732454.322
401257	40343	40416	4	613615.4902	4732422.708
401258	40343	40417	4	613682.6398	4732379.631
401259	40343	40417	4	613772.2283	4732401.626
401260	40343	40417	4	613846.0369	4732417.865
401261	40343	40417	4	613924.8334	4732460.23
401262	40344	40418	4	617073.375	4732591.765
401263	40344	40418	4	617042.3231	4732653.051
401264	40344	40418	4	617028.2399	4732746.416
401265	40344	40418	4	616970.7832	4732809.717
401266	40344	40419	4	616947.0765	4732893.949
401267	40344	40420	4	616906.3173	4732980.123
401268	40344	40420	4	616865.8535	4733063.255
401269	40344	40420	4	616799.647	4733125.759
401270	40344	40420	4	616780.528	4733191.063
401271	40344	40420	4	616732.2888	4733249.106
401272	40344	40420	4	616679.9312	4733295.157
401273	40344	40420	4	616650.1753	4733358.81
401274	40344	40420	4	616635.4691	4733409.971
401275	40345	40421	4	616089.2827	4732706.774
401276	40345	40421	4	616119.868	4732790.681
401277	40345	40421	4	616126.8666	4732882.273
401278	40345	40421	4	616123.5598	4732975.74
401279	40345	40421	4	616102.2832	4733061.505
401280	40345	40421	4	616175.1388	4733115.611
401281	40346	40422	4	617810.243	4732883.468
401282	40346	40422	4	617739.4586	4732941.863
401283	40346	40422	4	617677.6573	4732964.137
401284	40346	40422	4	617597.1986	4732991.365
401285	40346	40423	4	617577.5507	4733085.283
401286	40346	40423	4	617584.1189	4733180.417
401287	40346	40423	4	617561.8932	4733235.565
401288	40346	40424	4	617530.5967	4733325.261
401289	40346	40424	4	617499.9473	4733397.649
401290	40346	40424	4	617444.5225	4733445.346
401291	40346	40425	4	617413.6418	4733507.194
401292	40346	40425	4	617370.4158	4733592.568
401293	40346	40425	4	617306.231	4733640.95
401294	40346	40425	4	617257.694	4733686.779
401295	40346	40425	4	617180.613	4733703.464
401296	40346	40425	4	617182.0648	4733748.222
401297	40346	40425	4	617118.8458	4733791.058
401298	40346	40425	4	617166.4993	4733850.738
401299	40346	40425	4	617159.5136	4733933.802
401300	40347	40426	4	619389.2115	4732957.697
401301	40347	40426	4	619348.4217	4733043.856
401302	40347	40426	4	619320.673	4733127.834
401303	40347	40427	4	619293.9424	4733164.197
401304	40347	40427	4	619253.7125	4733221.156
401305	40347	40428	4	619269.6502	4733263.337
401306	40347	40428	4	619231.4645	4733308.595
401307	40347	40428	4	619191.1946	4733395.175
401308	40347	40430	4	619145.0868	4733456.241
401309	40347	40430	4	619132.9851	4733476.97
401310	40347	40430	4	619104.5163	4733529.104
401311	40347	40430	4	619073.6258	4733595.843
401312	40347	40430	4	619045.764	4733684.231
401313	40347	40430	4	618976.354	4733733.942
401314	40347	40432	4	618903.5833	4733783.01
401315	40347	40432	4	618901.308	4733844.169
401316	40347	40432	4	618838.7104	4733914.02
401317	40347	40432	4	618798.1283	4734000.698
401318	40347	40433	4	618742.2068	4734064.013
401319	40347	40434	4	618721.3084	4734143.243
401320	40347	40435	4	618659.4925	4734207.792
401321	40347	40435	4	618658.659	4734264.791
401322	40347	40435	4	618653.8832	4734317.617
401323	40347	40436	4	618658.8752	4734373.324
401324	40347	40436	4	618655.733	4734426.596
401325	40347	40436	4	618587.6291	4734444.247
401326	40347	40436	4	618602.5392	4734521.029
401327	40347	40438	4	618566.1337	4734591.277
401328	40347	40438	4	618596.1242	4734656.231
401329	40347	40438	4	618633.2101	4734740.9
401330	40347	40438	4	618686.3693	4734814.837
401331	40347	40438	4	618719.2349	4734904.299
401332	40347	40438	4	618768.0947	4734985.272
401333	40347	40438	4	618807.847	4735072.114
401334	40347	40438	4	618840.6346	4735159.761
401335	40347	40439	4	618786.9345	4735186.083
401336	40348	40440	4	613366.4813	4733701.783
401337	40348	40440	4	613407.1949	4733615.398
401338	40348	40440	4	613423.6087	4733520.405
401339	40348	40440	4	613432.2797	4733433.875
401340	40348	40440	4	613441.2512	4733336.248
401341	40348	40442	4	613523.2405	4733301.161
401342	40348	40442	4	613606.119	4733266.979
401343	40348	40442	4	613669.927	4733239.149
401344	40348	40442	4	613743.9216	4733290.095
401345	40348	40444	4	613803.1883	4733359.084
401346	40348	40444	4	613897.3195	4733361.16
401347	40348	40444	4	613985.6825	4733347.811
401348	40348	40444	4	614049.6013	4733281.423
401349	40348	40445	4	614122.3599	4733226.317
401350	40348	40445	4	614198.3887	4733178.313
401351	40348	40446	4	614260.7002	4733108.588
401352	40348	40447	4	614310.642	4733043.49
401353	40348	40448	4	614306.5457	4732956.155
401354	40348	40448	4	614347.9034	4732869.819
401355	40348	40448	4	614389.9344	4732783.851
401356	40348	40448	4	614402.0047	4732715.886
401357	40348	40448	4	614364.8219	4732655.249
401358	40349	40449	4	615005.4891	4734188.713
401359	40349	40449	4	615088.6764	4734191.094
401360	40349	40449	4	615179.751	4734188.318
401361	40349	40449	4	615263.6445	4734200.825
401362	40349	40449	4	615340.5931	4734184.438
401363	40349	40449	4	615418.3376	4734141.422
401364	40349	40449	4	615482.8142	4734119.829
401365	40349	40450	4	615562.0921	4734078.884
401366	40349	40450	4	615640.4488	4734057.237
401367	40349	40450	4	615733.35	4734044.286
401368	40349	40450	4	615819.1598	4734049.146
401369	40349	40450	4	615880.1509	4733993.431
401370	40349	40450	4	615962.4517	4733958.076
401371	40349	40451	4	616040.4812	4733913.925
401372	40349	40451	4	616111.2084	4733965.221
401373	40349	40452	4	616194.5101	4733974.227
401374	40349	40452	4	616265.0358	4733987.681
401375	40349	40453	4	616337.3416	4734031.108
401376	40349	40453	4	616392.0253	4734107.64
401377	40349	40453	4	616446.7698	4734178.171
401378	40349	40453	4	616505.5422	4734236.543
401379	40349	40453	4	616554.1191	4734297.875
401380	40349	40454	4	616573.4744	4734358.326
401381	40349	40454	4	616633.1051	4734394.878
401382	40349	40454	4	616653.7604	4734425.218
401383	40349	40455	4	616697.0531	4734445.73
401384	40349	40455	4	616749.373	4734429.891
401385	40349	40455	4	616824.1417	4734449.548
401386	40349	40455	4	616901.4297	4734452.732
401387	40349	40455	4	616972.487	4734465.549
401388	40349	40455	4	617057.4807	4734473.148
401389	40349	40455	4	617143.1089	4734477.064
401390	40349	40455	4	617215.8443	4734463.616
401391	40349	40455	4	617266.3173	4734489.989
401392	40349	40455	4	617306.3976	4734525.601
401393	40350	40456	4	615989.3015	4735143.805
401394	40350	40456	4	616028.5005	4735180.008
401395	40350	40456	4	616098.5126	4735163.413
401396	40350	40456	4	616157.693	4735142.106
401397	40350	40456	4	616219.5301	4735099.64
401398	40350	40458	4	616303.1163	4735133.046
401399	40350	40458	4	616385.2932	4735120.478
401400	40350	40458	4	616454.9356	4735178.278
401401	40350	40459	4	616519.3977	4735190.512
401402	40350	40460	4	616594.7787	4735166.675
401403	40350	40460	4	616665.179	4735119.648
401404	40350	40460	4	616724.8492	4735067.339
401405	40350	40460	4	616795.2563	4735031.072
401406	40350	40460	4	616862.1789	4734976.357
401407	40350	40460	4	616939.6443	4734939.364
401408	40350	40461	4	617015.5485	4734931.19
401409	40350	40461	4	617088.8879	4734876.609
401410	40350	40461	4	617161.019	4734821.468
401411	40350	40461	4	617230.4609	4734759.942
401412	40351	40463	4	620172.6809	4735544.871
401413	40351	40463	4	620171.2928	4735630.895
401414	40351	40463	4	620180.5032	4735712.043
401415	40351	40463	4	620142.1715	4735799.259
401416	40351	40464	4	620140.6249	4735888.115
401417	40351	40464	4	620121.7975	4735982.362
401418	40352	40465	4	617713.7424	4735871.025
401419	40352	40466	4	617716.7061	4735819.406
401420	40352	40466	4	617735.3158	4735740.934
401421	40352	40466	4	617775.908	4735664.323
401422	40352	40466	4	617829.1998	4735610.947
401423	40352	40466	4	617861.39	4735521.559
401424	40352	40466	4	617892.8222	4735431.965
401425	40352	40466	4	617924.6404	4735342.126
401426	40352	40466	4	617966.258	4735259.5
401427	40352	40466	4	618018.0122	4735179.218
401428	40352	40466	4	618067.8955	4735095.865
401429	40352	40466	4	618116.2732	4735015.294
401430	40352	40467	4	618171.5294	4734936.659
401431	40353	40468	4	619704.9941	4735995.898
401432	40353	40468	4	619777.1602	4736049.724
401433	40353	40468	4	619806.8824	4736113.527
401434	40353	40468	4	619880.3375	4736164.262
401435	40353	40468	4	619932.9864	4736238.696
401436	40353	40468	4	620002.9532	4736261.455
401437	40353	40468	4	620077.4788	4736266.619
401438	40353	40468	4	620148.0202	4736233.116
401439	40354	40469	4	618986.1154	4736242.283
401440	40354	40469	4	619074.7183	4736220.485
401441	40354	40469	4	619116.9547	4736139.014
401442	40354	40469	4	619172.3827	4736072.385
401443	40354	40469	4	619239.6209	4736007.142
401444	40354	40469	4	619310.9204	4735948.434
401445	40354	40470	4	619381.1137	4735890.271
401446	40354	40470	4	619453.6548	4735835.458
401447	40355	40471	4	621826.806	4736433.801
401448	40355	40471	4	621778.5045	4736508.86
401449	40355	40471	4	621737.4289	4736582.804
401450	40355	40471	4	621669.4911	4736639.848
401451	40355	40471	4	621640.2085	4736712.716
401452	40355	40471	4	621612.4555	4736760.04
401453	40355	40471	4	621635.0689	4736810.731
401454	40355	40471	4	621655.1375	4736840.698
401455	40355	40471	4	621646.8911	4736882.05
401456	40355	40471	4	621638.9963	4736970.652
401457	40355	40471	4	621646.3474	4737047.015
401458	40355	40471	4	621716.7915	4737085.244
401459	40355	40472	4	621768.149	4737140.087
401460	40355	40472	4	621848.9328	4737152.509
401461	40355	40472	4	621889.9901	4737179.063
401462	40355	40472	4	621939.2455	4737235.029
401463	40355	40472	4	621963.2338	4737301.137
401464	40355	40472	4	621976.1349	4737382.897
401465	40355	40472	4	622048.9787	4737385.478
401466	40355	40473	4	622068.8666	4737461.703
401467	40355	40473	4	622063.1444	4737553.881
401468	40355	40473	4	622116.563	4737631.001
401469	40355	40474	4	622135.5738	4737696.265
401470	40355	40474	4	622133.0571	4737762.473
401471	40355	40474	4	622150.2933	4737844.38
401472	40355	40474	4	622197.788	4737806.816
401473	40355	40475	4	622208.6576	4737884.861
401474	40355	40475	4	622230.4317	4737969.305
401475	40355	40475	4	622195.5379	4738009.396
401476	40355	40475	4	622242.5286	4738055.499
401477	40355	40476	4	622260.5275	4738143.645
401478	40355	40476	4	622267.8058	4738240.776
401479	40355	40476	4	622222.0186	4738325.359
401480	40355	40477	4	622234.4266	4738416.078
401481	40355	40478	4	622228.6471	4738511.364
401482	40355	40479	4	622239.3921	4738607.663
401483	40355	40479	4	622253.8316	4738699.721
401484	40355	40479	4	622283.7183	4738761.498
401485	40355	40479	4	622338.3859	4738821.341
401486	40355	40479	4	622381.9936	4738906.319
401487	40355	40479	4	622355.1743	4738980.486
401488	40355	40479	4	622274.4242	4738993.059
401489	40356	40480	4	620672.8462	4736972.489
401490	40357	40481	4	621158.976	4737464.293
401491	40357	40481	4	621189.5881	4737544.02
401492	40357	40481	4	621150.7737	4737628.366
501493	50358	50482	5	615043.4897	4732226.128
501494	50358	50482	5	615066.1173	4732316.253
501495	50358	50482	5	615036.7579	4732396.286
501496	50358	50482	5	614958.7478	4732423.926
501497	50358	50482	5	615009.0847	4732498.93
501498	50358	50482	5	614958.9082	4732561.81
501499	50358	50482	5	614904.3083	4732595.139
501500	50359	50483	5	613945.2213	4732476.837
501501	50359	50483	5	614010.5903	4732543.873
501502	50359	50483	5	614094.3587	4732576.824
501503	50359	50483	5	614186.6028	4732592.595
501504	50359	50483	5	614269.1221	4732606.413
501505	50359	50483	5	614350.4396	4732608.359
501506	50359	50484	5	614424.4638	4732576.91
501507	50359	50484	5	614494.3144	4732560.847
501508	50359	50484	5	614570.0172	4732607.519
501509	50359	50484	5	614661.5389	4732615.276
501510	50359	50484	5	614752.3408	4732631.457
501511	50359	50484	5	614811.1106	4732628.217
501512	50359	50484	5	614889.9968	4732629.299
601513	60360	60485	6	614898.017	4732652.4
601514	60360	60485	6	614985.8312	4732677.774
601515	60360	60485	6	615063.4723	4732721.979
601516	60360	60485	6	615111.1324	4732799.685
601517	60360	60485	6	615081.6372	4732889.795
601518	60360	60485	6	615066.0626	4732979.721
601519	60360	60485	6	615110.5188	4733018.016
601520	60360	60485	6	615194.1135	4732995.496
601521	60360	60485	6	615246.6482	4733035.344
601522	60360	60485	6	615288.657	4733075.124
601523	60360	60485	6	615359.0246	4733131.635
601524	60360	60485	6	615409.2041	4733201.74
601525	60360	60485	6	615424.6773	4733284.449
601526	60360	60485	6	615514.5141	4733305.292
601527	60360	60485	6	615578.394	4733332.657
601528	60360	60485	6	615558.4589	4733422.438
601529	60360	60485	6	615624.2769	4733459.304
601530	60360	60485	6	615703.3843	4733431.749
601531	60360	60485	6	615776.7004	4733454.115
601532	60360	60485	6	615838.4154	4733498.436
601533	60360	60485	6	615903.9198	4733482.302
601534	60360	60485	6	615944.5191	4733404.737
601535	60360	60485	6	615960.7253	4733309.608
601536	60360	60485	6	616032.4748	4733279.686
601537	60360	60485	6	616085.2164	4733218.468
601538	60360	60485	6	616151.4412	4733198.23
601539	60360	60486	6	616194.7673	4733112.799
601540	60360	60486	6	616275.7401	4733100.68
601541	60360	60486	6	616361.5529	4733106.239
601542	60360	60486	6	616441.1985	4733146.609
601543	60360	60486	6	616508.7001	4733209.8
601544	60360	60486	6	616571.7798	4733281.94
601545	60360	60486	6	616582.4016	4733369.221
601546	60360	60487	6	616614.4815	4733443.876
601547	60360	60487	6	616685.1723	4733501.195
601548	60360	60487	6	616763.4235	4733538.679
601549	60360	60487	6	616827.1787	4733586.178
601550	60360	60487	6	616901.8863	4733601.245
601551	60360	60487	6	616930.0809	4733656.123
601552	60360	60487	6	616987.2502	4733696.257
601553	60360	60487	6	616940.8144	4733747.477
601554	60360	60487	6	617002.5402	4733812.413
601555	60360	60487	6	617082.6196	4733833.733
601556	60360	60487	6	617077.1106	4733917.251
601557	60360	60487	6	617124.2984	4733934.584
601558	60360	60488	6	617171.9807	4733971.014
601559	60360	60488	6	617139.5955	4734046.282
601560	60360	60488	6	617170.2843	4734091.373
601561	60360	60488	6	617178.2247	4734182.328
601562	60360	60488	6	617251.5652	4734200.949
601563	60360	60488	6	617275.0045	4734267.653
601564	60360	60488	6	617234.1462	4734334.432
601565	60360	60488	6	617303.4767	4734374.587
601566	60360	60488	6	617314.9073	4734459.375
601567	60360	60489	6	617317.6562	4734551.819
601568	60360	60489	6	617337.2842	4734625.077
601569	60360	60489	6	617288.9922	4734697.205
601570	60360	60490	6	617342.5116	4734757.497
601571	60360	60490	6	617398.1773	4734825.497
601572	60360	60490	6	617444.8427	4734779.637
601573	60360	60490	6	617507.8543	4734816.254
601574	60360	60490	6	617593.6051	4734811.05
601575	60360	60490	6	617663.6401	4734842.549
601576	60360	60490	6	617685.916	4734782.01
601577	60360	60490	6	617711.2328	4734841.76
601578	60360	60490	6	617787.7798	4734889.168
601579	60360	60490	6	617831.313	4734860.1
601580	60360	60490	6	617886.4955	4734919.452
601581	60360	60490	6	617943.4569	4734873.437
601582	60360	60490	6	618020.7323	4734877.209
601583	60360	60490	6	618067.2167	4734936.875
601584	60360	60490	6	618130.8497	4734896.865
601585	60360	60491	6	618200.906	4734921.39
601586	60360	60491	6	618265.5483	4734952.104
601587	60360	60491	6	618345.6076	4734912.761
601588	60360	60491	6	618434.456	4734890.958
601589	60360	60491	6	618495.302	4734950.443
601590	60360	60491	6	618549.9057	4734998.464
601591	60360	60491	6	618617.2251	4735056.468
601592	60360	60491	6	618674.819	4735125.963
601593	60360	60491	6	618733.8554	4735189.97
601594	60360	60492	6	618804.1507	4735217.133
601595	60360	60492	6	618847.1072	4735300.328
601596	60360	60492	6	618927.8806	4735311.445
601597	60360	60492	6	619003.7007	4735346.318
601598	60360	60492	6	619060.1464	4735413.597
601599	60360	60492	6	619125.7844	4735468.246
601600	60360	60492	6	619196.9677	4735509.083
601601	60360	60492	6	619214.605	4735595.388
601602	60360	60492	6	619292.6786	4735589.767
601603	60360	60492	6	619307.463	4735676.29
601604	60360	60492	6	619357.1964	4735703.433
601605	60360	60492	6	619417.2526	4735747.856
601606	60360	60492	6	619468.2607	4735819.654
601607	60360	60493	6	619548.6859	4735857.671
601608	60360	60493	6	619638.4827	4735878.157
601609	60360	60493	6	619719.6892	4735901.772
601610	60360	60493	6	619791.0716	4735927.411
601611	60360	60493	6	619875.1736	4735934.573
601612	60360	60493	6	619908.5305	4736011.69
601613	60360	60493	6	619982.5592	4735988.455
601614	60360	60493	6	620051.0026	4736018.875
601615	60360	60494	6	620128.7325	4736054.14
601616	60360	60494	6	620146.9022	4736142.857
601617	60360	60494	6	620151.1689	4736219.274
601618	60360	60495	6	620239.821	4736222.912
601619	60360	60495	6	620331.595	4736230.065
601620	60360	60495	6	620410.4017	4736271.627
601621	60360	60495	6	620487.5619	4736314.421
601622	60360	60495	6	620579.74	4736317.707
601623	60360	60495	6	620644.6359	4736364.748
601624	60360	60495	6	620642.9444	4736461.507
601625	60360	60495	6	620689.0689	4736538.196
601626	60360	60495	6	620687.6198	4736621.05
601627	60360	60495	6	620629.0893	4736701.152
601628	60360	60495	6	620607.8886	4736790.503
601629	60360	60495	6	620657.15	4736865.968
601630	60360	60495	6	620720.8098	4736922.436
601631	60360	60496	6	620707.7572	4737008.645
601632	60360	60496	6	620765.9772	4737056.318
601633	60360	60496	6	620837.6039	4737032.323
601634	60360	60496	6	620915.6211	4737055.828
601635	60360	60496	6	620878.8146	4737071.321
601636	60360	60496	6	620825.6057	4737153.172
601637	60360	60496	6	620871.4106	4737172.766
601638	60360	60496	6	620914.9988	4737253.761
601639	60360	60496	6	620995.7671	4737282.319
601640	60360	60496	6	621056.156	4737351.588
601641	60360	60496	6	621003.9971	4737386.25
601642	60360	60496	6	621038.9701	4737453.026
601643	60360	60496	6	621075.3451	4737485.313
601644	60360	60496	6	621082.5897	4737570.509
601645	60360	60496	6	621135.5242	4737630.396
601646	60360	60497	6	621102.7639	4737709.125
601647	60360	60497	6	621030.2344	4737763.912
601648	60360	60497	6	620997.9521	4737852.081
601649	60360	60497	6	621053.222	4737921.119
601650	60360	60497	6	621102.1011	4737950.58
601651	60360	60497	6	621105.6242	4738035.042
601652	60360	60497	6	621174.2158	4738095.465
601653	60360	60497	6	621205.9861	4738184.89
601654	60360	60497	6	621221.321	4738275.93
601655	60360	60497	6	621169.4942	4738351.951
601656	60360	60497	6	621167.2264	4738435.147
601657	60360	60497	6	621120.0758	4738474.138
601658	60360	60497	6	621154.5378	4738534.956
601659	60360	60497	6	621226.2866	4738590.111
601660	60360	60497	6	621282.0139	4738669.768
601661	60360	60497	6	621361.0299	4738709.652
601662	60360	60497	6	621447.9381	4738722.619
601663	60360	60497	6	621529.3339	4738758.79
601664	60360	60497	6	621607.6479	4738802.052
601665	60360	60497	6	621691.7617	4738833.227
601666	60360	60497	6	621763.8059	4738861.831
601667	60360	60497	6	621845.1527	4738835.936
601668	60360	60497	6	621913.7278	4738841.835
601669	60360	60497	6	621931.4224	4738757.454
601670	60360	60497	6	622011.8315	4738767.79
601671	60360	60497	6	622099.5589	4738792.67
601672	60360	60497	6	622168.3918	4738852.763
601673	60360	60497	6	622219.7372	4738935.083
601674	60360	60498	6	622281.0393	4739009.631
601675	60360	60498	6	622354.0821	4739062.668
601676	60360	60498	6	622423.5537	4739122.774
601677	60360	60498	6	622437.1361	4739210.239
